"","FK_STATION","FK_RANDOM_SAMPLE_LOCATION","COLLECTION_DATE","SAMPLE_TYPE","MATRIX","pH_Field","pH_Field_VQ","Specific_Conductance_Field","Specific_Conductance_Field_VQ","Oxygen_Dissolved_Field","Oxygen_Dissolved_Field_VQ","Oxygen_Dissolved_Percent_Saturation","Oxygen_Dissolved_Percent_Saturation_VQ","Water_Temperature","Water_Temperature_VQ","Depth_Bottom_of_Waterbody_Sample_Site","Depth_Bottom_of_Waterbody_Sample_Site_VQ","Transparency_Secchi_Depth","Transparency_Secchi_Depth_VQ","Sample_Depth","Sample_Depth_VQ","Water_Sample_Collection_Device","Water_Sample_Collection_Device_VQ","Water_Level","Water_Level_VQ","Stream_Flow_Qualitative","Stream_Flow_Qualitative_VQ","Iron_Total","Iron_Total_VQ","Magnesium_Total","Magnesium_Total_VQ","Potassium_Total","Potassium_Total_VQ","Thallium_Total","Thallium_Total_VQ","Calcium_Total","Calcium_Total_VQ","Arsenic_Total","Arsenic_Total_VQ","Silver_Total","Silver_Total_VQ","Chromium_Total","Chromium_Total_VQ","Zinc_Total","Zinc_Total_VQ","Molybdenum_total","Molybdenum_total_VQ","Barium_Total","Barium_Total_VQ","Selenium_Total","Selenium_Total_VQ","Copper_Total","Copper_Total_VQ","Cadmium_Total","Cadmium_Total_VQ","Nickel_Total","Nickel_Total_VQ","Hardness_calculated_as_CACO3","Hardness_calculated_as_CACO3_VQ","Sodium_Total","Sodium_Total_VQ","Lead_Total","Lead_Total_VQ","Aluminum_Total","Aluminum_Total_VQ","Beryllium_Total","Beryllium_Total_VQ","Manganese_Total","Manganese_Total_VQ","Antimony_Total","Antimony_Total_VQ","NitrateNitrite_Total_as_N","NitrateNitrite_Total_as_N_VQ","Organic_Carbon_Total","Organic_Carbon_Total_VQ","Sulfate_Total","Sulfate_Total_VQ","Total_Dissolved_Solids_TDS_measured","Total_Dissolved_Solids_TDS_measured_VQ","Ammonia_Total_as_N","Ammonia_Total_as_N_VQ","Alkalinity_Total_as_CaCO3","Alkalinity_Total_as_CaCO3_VQ","Chloride_Total","Chloride_Total_VQ","Total_Suspended_Solids_TSS","Total_Suspended_Solids_TSS_VQ","Specific_Conductance_Lab","Specific_Conductance_Lab_VQ","Kjeldahl_Nitrogen_Total_as_N","Kjeldahl_Nitrogen_Total_as_N_VQ","Color_true","Color_true_VQ","Turbidity_Lab","Turbidity_Lab_VQ","Fluoride_Total","Fluoride_Total_VQ","Phosphorus_Total_as_P","Phosphorus_Total_as_P_VQ","Pheophytin_A_Monochromatic","Pheophytin_A_Monochromatic_VQ","Chlorophyll_A_Monochromatic","Chlorophyll_A_Monochromatic_VQ","Chlorophyll_A_Uncorrected_Trichromatic","Chlorophyll_A_Uncorrected_Trichromatic_VQ","Escherichia_Coli_Quanti_Tray","Escherichia_Coli_Quanti_Tray_VQ","Enterococci_Quanti_Tray","Enterococci_Quanti_Tray_VQ","Salinity_ppt","Salinity_ppt_VQ","Weather","Weather_VQ"
"1",57099,"Z4-CN-14003",2020-01-14 11:45:00,"PRIMARY","WATER",8.4,NA,467.6,NA,13.11,NA,150.1,NA,23,NA,0.42,NA,0.42,"S",0.21,NA,NA,NA,NA,NA,NA,NA,100,"I",5.67,NA,3.2,NA,0.1,"U",63.8,NA,1.45,NA,0.01,"U",0.43,"I",5,"U",2.07,NA,23.8,NA,0.2,"U",1.42,NA,0.02,"U",0.55,"I",183,NA,27.3,NA,0.2,"U",103,NA,0.01,"U",10,NA,0.27,NA,0.14,NA,12,NA,16,NA,259,NA,0.018,NA,137,NA,56,NA,7,"I",479,NA,0.93,NA,42,NA,3.5,NA,0.19,NA,0.049,NA,7.1,NA,25,NA,30,NA,3.1,"Q",NA,NA,NA,NA,NA,NA
"2",57100,"Z4-CN-14006",2020-01-16 12:05:00,"PRIMARY","WATER",8,NA,546,NA,7.59,NA,89.7,NA,23.6,NA,0.3,NA,0.3,"S",0.15,NA,NA,NA,NA,NA,NA,NA,370,NA,10.5,NA,0.9,"I",0.1,"U",80.3,NA,0.66,NA,0.01,"U",0.4,"I",5,"U",1.22,NA,18.5,NA,0.2,"U",0.4,"U",0.02,"U",0.5,"U",244,NA,25.5,NA,0.2,"U",32,NA,0.01,"U",9.5,NA,0.091,"I",0.004,"U",15,NA,15,NA,345,"A",0.019,NA,231,NA,30,NA,6,"IA",544,NA,1.2,NA,42,"A",4.8,NA,0.44,NA,0.17,NA,25,NA,27,NA,43,NA,7.5,"AJQ",NA,NA,NA,NA,NA,NA
"3",57107,"Z4-CN-14022",2020-01-16 12:40:00,"PRIMARY","WATER",7.7,NA,724,NA,6.41,NA,73.7,NA,22.2,NA,0.6,NA,0.6,"S",0.3,NA,NA,NA,NA,NA,NA,NA,820,NA,10.9,NA,1.1,"I",0.1,"U",104,NA,1.21,NA,0.01,"U",1.2,"I",5,"U",2.11,NA,22.4,NA,0.2,"U",0.4,"U",0.02,"U",0.57,"I",305,NA,36.6,NA,0.22,"I",205,NA,0.018,"I",11,NA,0.17,"I",0.036,NA,13,NA,25,NA,442,NA,0.033,NA,248,NA,69,NA,18,NA,719,NA,0.83,NA,36,NA,7,NA,0.33,NA,0.034,NA,1.3,"U",8.1,NA,9.1,NA,4.1,"Q",NA,NA,NA,NA,NA,NA
"4",57104,"Z4-CN-14014",2020-01-13 11:36:00,"PRIMARY","WATER",7.87,NA,731,NA,9.65,NA,113.6,NA,23.4,NA,0.3,NA,0.3,"S",0.15,NA,NA,NA,NA,NA,NA,NA,390,NA,23.3,NA,3.9,NA,0.1,"U",93.5,NA,1.52,NA,0.01,"U",0.58,"I",5,"U",1.85,NA,21.1,NA,0.22,"I",1.24,NA,0.02,"U",1.1,"I",329,NA,41.2,NA,0.22,"I",20,NA,0.01,"U",19.3,NA,0.23,NA,0.26,NA,12,NA,120,NA,455,NA,0.026,NA,182,NA,61,NA,3,"I",760,"A",0.79,NA,37,"A",2.9,NA,0.52,NA,0.15,NA,0.9,"U",0.91,"I",1.4,"I",488.4,"Q",NA,NA,NA,NA,NA,NA
"5",57103,"Z4-CN-14012",2020-01-14 10:15:00,"PRIMARY","WATER",8.22,NA,515,NA,12.12,NA,138.1,NA,22.3,NA,5,NA,1,NA,0.3,NA,NA,NA,NA,NA,NA,NA,30,"U",8.28,NA,1.2,NA,0.1,"U",91.3,NA,0.84,NA,0.01,"U",0.4,"U",5,"U",12,NA,12.4,NA,0.31,"I",0.4,"U",0.02,"U",0.5,"U",262,NA,9.6,NA,0.2,"U",14,"I",0.01,"U",7.5,NA,0.084,"I",0.27,NA,3.3,NA,92,NA,317,NA,0.004,"I",151,NA,17,NA,4,"I",523,NA,0.73,NA,14,NA,1.9,NA,0.19,NA,0.047,NA,7.1,NA,43,NA,49,NA,2,"Q",NA,NA,NA,NA,NA,NA
"6",57103,"Z4-CN-14012",2020-01-14 10:17:00,"BOTTOM","WATER",7.34,NA,519,NA,3.33,NA,37.5,NA,20.9,NA,NA,NA,NA,NA,3.9,NA,NA,NA,NA,NA,NA,NA,NA,NA,NA,NA,NA,NA,NA,NA,NA,NA,NA,NA,NA,NA,NA,NA,NA,NA,NA,NA,NA,NA,NA,NA,NA,NA,NA,NA,NA,NA,NA,NA,NA,NA,NA,NA,NA,NA,NA,NA,NA,NA,NA,NA,NA,NA,NA,NA,NA,NA,NA,NA,NA,NA,NA,NA,NA,NA,NA,NA,NA,NA,NA,NA,NA,NA,NA,NA,NA,NA,NA,NA,NA,NA,NA,NA,NA,NA,NA,NA,NA,NA,NA,NA,NA,NA
"7",0,NA,2020-01-16 12:55:00,"FIELD BLANK","WATER",NA,NA,NA,NA,NA,NA,NA,NA,NA,NA,NA,NA,NA,NA,NA,NA,NA,NA,NA,NA,NA,NA,30,"U",0.04,"U",0.3,"U",0.1,"U",0.075,"U",0.05,"U",0.01,"U",0.4,"U",5,"U",0.15,"U",1,"U",0.2,"U",0.4,"U",0.02,"U",0.5,"U",0.35,"U",0.5,"U",0.2,"U",5,"U",0.01,"U",1,"U",0.05,"U",0.004,"U",0.5,"U",0.2,"U",15,"U",0.002,"U",0.65,"U",0.2,"U",2,"U",2,"U",0.08,"U",2.5,"U",0.1,"U",0.035,"U",0.002,"U",NA,NA,NA,NA,NA,NA,1,"UQ",NA,NA,NA,NA,NA,NA
"8",57108,"Z4-CN-14023",2020-01-16 14:40:00,"PRIMARY","WATER",7.4,NA,763,NA,2.75,NA,32.8,NA,23.7,NA,0.3,NA,0.3,"S",0.15,NA,NA,NA,NA,NA,NA,NA,120,"I",11.7,NA,2.8,NA,0.1,"U",109,NA,1.15,NA,0.01,"U",0.51,"I",5.1,"I",2.33,NA,25.4,NA,0.38,"I",0.95,NA,0.02,"U",0.65,"I",320,NA,35.9,NA,0.2,"U",61,NA,0.01,"I",11.7,NA,0.23,NA,0.19,NA,13,NA,91,NA,464,"A",0.29,NA,198,NA,71,NA,2,"UA",770,NA,0.99,NA,52,NA,1.2,NA,0.3,NA,0.15,NA,1.6,"I",1.6,"I",2.6,NA,365.4,"Q",NA,NA,NA,NA,NA,NA
"9",57102,"Z4-CN-14008",2020-01-21 09:40:00,"PRIMARY","WATER",7.02,NA,122.5,NA,8.29,NA,80.2,NA,13.9,NA,0.3,NA,0.3,"S",0.15,NA,NA,NA,NA,NA,NA,NA,490,NA,4.54,NA,6.3,NA,0.1,"U",6.58,NA,1.11,NA,0.01,"U",0.68,"I",5,"U",0.4,"I",20.7,NA,0.2,"U",0.61,"I",0.02,"U",0.5,"U",35.1,NA,8.6,NA,0.29,"I",314,NA,0.031,"I",13.9,NA,0.099,"I",0.1,NA,25,NA,13,NA,96,NA,0.053,NA,13,NA,15,NA,6,"I",123,NA,1.4,NA,240,NA,4.8,NA,0.096,"I",0.19,NA,8.2,NA,11,NA,17,NA,72.2,"AQ",NA,NA,NA,NA,NA,NA
"10",57106,"Z4-CN-14020",2020-01-21 10:35:00,"PRIMARY","WATER",8.05,NA,226.1,NA,9.3,NA,89,NA,13.3,NA,0.4,NA,0.4,"S",0.2,NA,NA,NA,NA,NA,NA,NA,430,NA,5.12,NA,9,NA,0.1,"U",15.4,NA,1.3,NA,0.01,"U",0.63,"I",5,"U",0.8,NA,26.2,NA,0.37,"I",0.71,"I",0.02,"U",0.55,"I",59.5,NA,18.9,NA,0.35,"I",214,NA,0.025,"I",10.5,NA,0.1,"I",0.21,NA,26,NA,12,NA,163,"A",0.17,NA,51,NA,27,NA,5,"IA",226,NA,1.5,NA,260,NA,5,NA,0.15,NA,0.095,NA,2.2,"I",1.7,"I",3.1,NA,140.1,"Q",NA,NA,NA,NA,NA,NA
"11",57109,"Z4-CN-14026",2020-01-23 09:20:00,"PRIMARY","WATER",7.22,NA,437.3,NA,7.77,NA,73.9,NA,13,NA,0.5,NA,0.5,"S",0.25,NA,NA,NA,NA,NA,NA,NA,2190,NA,11.3,NA,2.2,NA,0.1,"U",48.1,NA,1.59,NA,0.01,"U",1.1,"I",7.1,"I",0.82,NA,19,NA,0.2,"U",0.7,"I",0.025,"I",1.1,"I",167,NA,23.3,NA,0.36,"I",215,NA,0.035,"I",18.1,NA,0.081,"I",0.061,NA,14,NA,50,"A",258,NA,0.049,NA,104,NA,36,"A",2,"I",423,NA,0.79,NA,85,NA,3.2,NA,0.23,NA,0.11,NA,1.1,"U",1.1,"U",1.2,"I",119.8,"Q",NA,NA,NA,NA,NA,NA
"12",57101,"Z4-CN-14007",2020-01-23 10:55:00,"PRIMARY","WATER",7.49,NA,786,NA,8.92,NA,89.6,NA,15.5,NA,0.3,NA,0.3,"S",0.15,NA,NA,NA,NA,NA,NA,NA,1180,NA,24.9,NA,5.6,NA,0.1,"U",92.7,NA,2.2,NA,0.01,"U",0.56,"I",5,"U",3.55,NA,18.1,NA,0.2,"U",0.87,NA,0.02,"U",4,NA,334,NA,39.8,NA,0.2,"U",123,NA,0.013,"I",22.7,NA,0.21,NA,0.46,NA,9.4,NA,85,NA,497,NA,0.17,NA,218,NA,69,NA,8,"I",789,NA,0.87,NA,25,NA,9.7,"A",0.85,NA,0.23,NA,3.3,NA,2,"I",4.1,NA,1732.9,"Q",NA,NA,NA,NA,NA,NA
"13",0,NA,2020-01-23 11:10:00,"FIELD BLANK","WATER",NA,NA,NA,NA,NA,NA,NA,NA,NA,NA,NA,NA,NA,NA,NA,NA,NA,NA,NA,NA,NA,NA,30,"U",0.04,"U",0.3,"U",0.1,"U",0.075,"U",0.05,"U",0.01,"U",0.4,"U",5,"U",0.15,"U",1,"U",0.2,"U",0.4,"U",0.02,"U",0.5,"U",0.35,"U",0.5,"U",0.2,"U",5,"U",0.01,"U",1,"U",0.05,"U",0.004,"U",0.5,"U",0.2,"U",15,"U",0.002,"U",0.65,"U",0.2,"U",2,"U",2,"U",0.08,"U",2.5,"U",0.1,"U",0.035,"U",0.002,"U",NA,NA,NA,NA,NA,NA,1,"UQ",NA,NA,NA,NA,NA,NA
"14",57112,"Z4-CN-14029",2020-01-27 09:25:00,"PRIMARY","WATER",7.95,NA,420.7,NA,7.06,NA,72.8,NA,16.7,NA,0.55,NA,0.55,"S",0.27,NA,NA,NA,NA,NA,NA,NA,1000,NA,4.63,NA,0.3,"U",0.1,"U",80.7,NA,1.16,NA,0.01,"U",0.42,"I",5,"U",1.69,NA,4.8,NA,0.2,"U",0.4,"U",0.02,"U",0.5,"U",221,NA,6.5,NA,0.2,"U",19,"I",0.012,"I",15.6,NA,0.05,"U",0.027,NA,14,NA,7.8,NA,268,NA,0.046,NA,192,NA,12,NA,3,"I",407,NA,0.85,NA,69,NA,4,NA,0.087,"I",0.032,NA,2.1,"I",9.3,NA,11,NA,3,"Q",NA,NA,NA,NA,NA,NA
"15",57110,"Z4-CN-14027",2020-01-29 08:45:00,"PRIMARY","WATER",7.77,NA,194.2,NA,5.33,NA,54.3,NA,16.3,NA,0.54,NA,0.54,"S",0.27,NA,NA,NA,NA,NA,NA,NA,44,"I",4.42,NA,3.7,NA,0.1,"U",12.7,NA,1.12,NA,0.01,"U",0.4,"U",5,"U",0.25,"I",5.3,NA,0.2,"U",1.09,NA,0.02,"U",0.5,"U",50,NA,15.2,NA,0.2,"U",46,NA,0.01,"U",6,NA,0.13,"I",0.11,NA,12,NA,23,NA,124,"A",0.018,NA,26,NA,23,NA,7,"IA",194,NA,1,NA,50,"A",4.2,NA,0.16,NA,0.061,NA,2.5,"I",27,NA,30,NA,39.1,"AQ",NA,NA,NA,NA,NA,NA
"16",57105,"Z4-CN-14019",2020-01-29 10:50:00,"PRIMARY","WATER",7.4,NA,237.3,NA,3.16,NA,31.7,NA,15.4,NA,0.52,NA,0.52,"S",0.26,NA,NA,NA,NA,NA,NA,NA,50,"I",5.69,NA,3.8,NA,0.1,"U",19.1,NA,4.18,NA,0.01,"U",0.55,"I",5,"U",0.15,"U",13.1,NA,0.2,"U",0.56,"I",0.02,"U",0.5,"U",71.2,NA,15.7,NA,0.2,"U",106,NA,0.017,"I",24.7,NA,0.08,"I",0.012,NA,16,NA,31,NA,169,NA,0.028,NA,29,NA,28,NA,5,"I",229,NA,0.93,NA,88,NA,2,NA,0.11,NA,0.046,NA,4.7,NA,8.1,NA,11,NA,16.1,"Q",NA,NA,NA,NA,NA,NA
"17",57111,"Z4-CN-14028",2020-01-29 13:55:00,"PRIMARY","WATER",7.27,NA,335.8,NA,6.72,NA,68.9,NA,16.4,NA,4.8,NA,1.5,NA,0.3,NA,NA,NA,NA,NA,NA,NA,110,"I",4.52,NA,1.6,NA,0.1,"U",53.4,NA,0.72,NA,0.01,"U",0.4,"U",5.9,"I",3.01,NA,8.9,NA,0.22,"I",0.4,"U",0.02,"U",0.53,"I",152,NA,12.5,NA,0.2,"U",15,"I",0.01,"U",4.2,NA,0.11,"I",0.14,NA,14,NA,11,"A",215,NA,0.008,NA,129,"A",22,"A",2,"I",339,"A",0.67,NA,72,NA,0.75,NA,0.19,NA,0.1,NA,0.9,"U",14,NA,15,NA,125.9,"Q",NA,NA,NA,NA,NA,NA
"18",57111,"Z4-CN-14028",2020-01-29 13:56:00,"BOTTOM","WATER",7.22,NA,325.8,NA,4.88,NA,48.5,NA,15,NA,NA,NA,NA,NA,3.6,NA,NA,NA,NA,NA,NA,NA,NA,NA,NA,NA,NA,NA,NA,NA,NA,NA,NA,NA,NA,NA,NA,NA,NA,NA,NA,NA,NA,NA,NA,NA,NA,NA,NA,NA,NA,NA,NA,NA,NA,NA,NA,NA,NA,NA,NA,NA,NA,NA,NA,NA,NA,NA,NA,NA,NA,NA,NA,NA,NA,NA,NA,NA,NA,NA,NA,NA,NA,NA,NA,NA,NA,NA,NA,NA,NA,NA,NA,NA,NA,NA,NA,NA,NA,NA,NA,NA,NA,NA,NA,NA,NA,NA
"19",57113,"Z4-CN-14030",2020-01-30 09:08:00,"PRIMARY","WATER",7.51,NA,7758,NA,3.29,NA,36.5,NA,19.2,NA,1,NA,1,"S",0.3,NA,NA,NA,NA,NA,NA,NA,97,"I",141,NA,42,NA,0.1,"U",148,NA,1.52,NA,0.01,"U",0.65,"I",5,"U",5.8,NA,22.4,NA,0.2,"U",0.62,"I",0.02,"U",1.5,"I",949,NA,1070,NA,0.2,"U",31,NA,0.01,"I",5.5,NA,0.18,"I",0.1,NA,15,NA,340,NA,3790,NA,0.099,NA,238,NA,1900,NA,7,"I",6680,NA,1,NA,53,NA,1.8,NA,0.3,NA,0.15,NA,3.3,NA,12,NA,15,NA,762,"AQ",NA,NA,NA,NA,NA,NA
"20",0,NA,2020-01-30 09:20:00,"FIELD BLANK","WATER",NA,NA,NA,NA,NA,NA,NA,NA,NA,NA,NA,NA,NA,NA,NA,NA,NA,NA,NA,NA,NA,NA,30,"U",0.04,"U",0.3,"U",0.1,"U",0.075,"U",0.05,"U",0.01,"U",0.4,"U",5,"U",0.15,"U",1,"U",0.2,"U",0.4,"U",0.02,"U",0.5,"U",0.35,"U",0.5,"U",0.2,"U",5,"U",0.01,"U",1,"U",0.05,"U",0.004,"U",0.5,"U",0.2,"U",15,"U",0.002,"U",0.65,"U",0.2,"U",2,"U",2,"U",0.08,"U",2.5,"U",0.1,"U",0.035,"U",0.002,"U",NA,NA,NA,NA,NA,NA,1,"UQ",NA,NA,NA,NA,NA,NA
"21",57115,"Z6-CN-14002",2020-01-23 13:09:00,"BOTTOM","WATER",7.81,NA,47045,NA,5,NA,69.1,NA,22.7,NA,NA,NA,NA,NA,5.1,NA,NA,NA,NA,NA,NA,NA,NA,NA,NA,NA,NA,NA,NA,NA,NA,NA,NA,NA,NA,NA,NA,NA,NA,NA,NA,NA,NA,NA,NA,NA,NA,NA,NA,NA,NA,NA,NA,NA,NA,NA,NA,NA,NA,NA,NA,NA,NA,NA,NA,NA,NA,NA,NA,NA,NA,NA,NA,NA,NA,NA,NA,NA,NA,NA,NA,NA,NA,NA,NA,NA,NA,NA,NA,NA,NA,NA,NA,NA,NA,NA,NA,NA,NA,NA,NA,NA,NA,NA,NA,NA,NA,NA
"22",57115,"Z6-CN-14002",2020-01-23 13:10:00,"PRIMARY","WATER",7.71,NA,22900,NA,5.12,NA,63.9,NA,23,NA,5.6,NA,4.2,NA,0.3,NA,NA,NA,NA,NA,NA,NA,90,"U",496,NA,145,NA,0.4,"U",208,NA,1.14,NA,0.04,"U",4,"U",15,"U",6,NA,20,NA,0.8,"U",4.3,NA,0.08,"U",2,"U",2560,NA,3900,NA,2,"U",50,"U",0.04,"U",5.2,"I",0.31,"I",0.1,NA,6.1,NA,990,NA,10000,NA,0.088,NA,179,"A",7200,NA,3,"U",21600,"A",0.5,NA,11,"A",1.3,NA,0.6,NA,0.013,NA,0.98,"U",4.8,NA,5,NA,763.5,"AQ",NA,NA,NA,NA,NA,NA
"23",57122,"Z6-CN-14009",2020-01-27 11:29:00,"BOTTOM","WATER",7.43,NA,618,NA,5.45,NA,61.3,NA,21,NA,NA,NA,NA,NA,2.2,NA,NA,NA,NA,NA,NA,NA,NA,NA,NA,NA,NA,NA,NA,NA,NA,NA,NA,NA,NA,NA,NA,NA,NA,NA,NA,NA,NA,NA,NA,NA,NA,NA,NA,NA,NA,NA,NA,NA,NA,NA,NA,NA,NA,NA,NA,NA,NA,NA,NA,NA,NA,NA,NA,NA,NA,NA,NA,NA,NA,NA,NA,NA,NA,NA,NA,NA,NA,NA,NA,NA,NA,NA,NA,NA,NA,NA,NA,NA,NA,NA,NA,NA,NA,NA,NA,NA,NA,NA,NA,NA,NA,NA
"24",57122,"Z6-CN-14009",2020-01-27 11:30:00,"PRIMARY","WATER",7.43,NA,615,NA,5.49,NA,61.9,NA,21.1,NA,2.7,NA,2.2,NA,0.3,NA,NA,NA,NA,NA,NA,NA,220,NA,9.81,NA,3,NA,0.1,"U",74.5,NA,0.88,NA,0.01,"U",0.4,"U",5,"U",0.77,NA,21.5,NA,0.2,"U",1.15,NA,0.02,"U",0.5,"U",226,NA,47,NA,0.2,"U",5,"U",0.01,"U",3.8,"I",0.069,"I",0.28,NA,13,NA,1.9,NA,355,NA,0.16,NA,216,NA,68,NA,2,"U",621,NA,1.1,NA,29,"A",1.3,NA,0.28,NA,0.009,NA,1.3,"U",3.9,NA,4.3,NA,16,"Q",NA,NA,NA,NA,NA,NA
"25",57126,"Z6-CN-14013",2020-01-27 12:44:00,"BOTTOM","WATER",7.29,NA,761,NA,1.72,NA,19.4,NA,21.2,NA,NA,NA,NA,NA,1.9,NA,NA,NA,NA,NA,NA,NA,NA,NA,NA,NA,NA,NA,NA,NA,NA,NA,NA,NA,NA,NA,NA,NA,NA,NA,NA,NA,NA,NA,NA,NA,NA,NA,NA,NA,NA,NA,NA,NA,NA,NA,NA,NA,NA,NA,NA,NA,NA,NA,NA,NA,NA,NA,NA,NA,NA,NA,NA,NA,NA,NA,NA,NA,NA,NA,NA,NA,NA,NA,NA,NA,NA,NA,NA,NA,NA,NA,NA,NA,NA,NA,NA,NA,NA,NA,NA,NA,NA,NA,NA,NA,NA,NA
"26",57126,"Z6-CN-14013",2020-01-27 12:45:00,"PRIMARY","WATER",7.29,NA,762,NA,1.89,NA,21.3,NA,21.2,NA,2.4,NA,1.6,NA,0.3,NA,NA,NA,NA,NA,NA,NA,460,NA,16.6,NA,4.2,NA,0.1,"U",82.7,NA,0.51,NA,0.01,"U",0.4,"U",5,"U",0.19,"I",38.2,NA,0.2,"U",0.4,"U",0.02,"U",0.5,"U",275,NA,59.4,NA,0.2,"U",5.6,"I",0.017,"I",21.8,NA,0.05,"U",0.007,"I",20,NA,2.5,NA,464,NA,0.44,NA,264,NA,90,NA,2,"I",763,NA,1.4,NA,64,NA,0.8,NA,0.35,NA,0.008,NA,0.9,"U",1.7,"I",1.7,"I",2,"Q",NA,NA,NA,NA,NA,NA
"27",0,NA,2020-01-27 12:55:00,"FIELD BLANK","WATER",NA,NA,NA,NA,NA,NA,NA,NA,NA,NA,NA,NA,NA,NA,NA,NA,NA,NA,NA,NA,NA,NA,30,"U",0.04,"U",0.3,"U",0.1,"U",0.075,"U",0.05,"U",0.01,"U",0.4,"U",5,"U",0.15,"U",1,"U",0.2,"U",0.4,"U",0.02,"U",0.5,"U",0.35,"U",0.5,"U",0.2,"U",5,"U",0.01,"U",1,"U",0.05,"U",0.004,"U",0.5,"U",0.2,"U",15,"U",0.002,"U",0.65,"U",0.2,"U",2,"U",2,"U",0.08,"U",2.5,"U",0.1,"U",0.035,"U",0.002,"U",NA,NA,NA,NA,NA,NA,1,"UQ",1,"UQ",NA,NA,NA,NA
"28",57118,"Z6-CN-14005",2020-01-29 11:59:00,"BOTTOM","WATER",7.16,NA,805,NA,4.78,NA,48.9,NA,16.4,NA,NA,NA,NA,NA,3.2,NA,NA,NA,NA,NA,NA,NA,NA,NA,NA,NA,NA,NA,NA,NA,NA,NA,NA,NA,NA,NA,NA,NA,NA,NA,NA,NA,NA,NA,NA,NA,NA,NA,NA,NA,NA,NA,NA,NA,NA,NA,NA,NA,NA,NA,NA,NA,NA,NA,NA,NA,NA,NA,NA,NA,NA,NA,NA,NA,NA,NA,NA,NA,NA,NA,NA,NA,NA,NA,NA,NA,NA,NA,NA,NA,NA,NA,NA,NA,NA,NA,NA,NA,NA,NA,NA,NA,NA,NA,NA,NA,NA,NA
"29",57118,"Z6-CN-14005",2020-01-29 12:00:00,"PRIMARY","WATER",7.2,NA,808,NA,5.64,NA,59.1,NA,17.6,NA,3.7,NA,3.7,"S",0.3,NA,NA,NA,NA,NA,NA,NA,30,"U",18.2,NA,5.8,NA,0.1,"U",75.3,NA,0.98,NA,0.01,"U",0.4,"U",5,"U",0.39,"I",33.6,NA,0.2,"U",0.49,"I",0.02,"U",0.5,"U",263,NA,67.9,NA,0.2,"U",5,"U",0.01,"U",1,"U",0.05,"U",0.055,NA,24,NA,18,NA,469,NA,0.16,NA,240,NA,110,NA,2,"U",811,NA,1.6,NA,56,"A",0.35,NA,0.41,NA,0.006,NA,0.9,"U",0.87,"I",0.8,"I",10,"UQ",NA,NA,NA,NA,NA,NA
"30",57114,"Z6-CN-14001",2020-02-03 12:54:00,"BOTTOM","WATER",7.4,NA,774,NA,3.29,NA,36.7,NA,20.6,NA,NA,NA,NA,NA,4,NA,NA,NA,NA,NA,NA,NA,NA,NA,NA,NA,NA,NA,NA,NA,NA,NA,NA,NA,NA,NA,NA,NA,NA,NA,NA,NA,NA,NA,NA,NA,NA,NA,NA,NA,NA,NA,NA,NA,NA,NA,NA,NA,NA,NA,NA,NA,NA,NA,NA,NA,NA,NA,NA,NA,NA,NA,NA,NA,NA,NA,NA,NA,NA,NA,NA,NA,NA,NA,NA,NA,NA,NA,NA,NA,NA,NA,NA,NA,NA,NA,NA,NA,NA,NA,NA,NA,NA,NA,NA,NA,NA,NA
"31",57114,"Z6-CN-14001",2020-02-03 12:55:00,"PRIMARY","WATER",7.4,NA,774,NA,3.47,NA,39.3,NA,21.4,NA,4.5,NA,2.3,NA,0.3,NA,NA,NA,NA,NA,NA,NA,170,NA,17.6,NA,5,NA,0.1,"U",80.5,NA,0.98,NA,0.01,"U",0.4,"U",5,"U",0.34,"I",34.8,NA,0.2,"U",0.4,"U",0.02,"U",0.5,"U",273,NA,61.2,NA,0.2,"U",7.1,"I",0.01,"U",8,NA,0.05,"U",0.099,NA,22,NA,7.7,NA,467,"A",0.3,NA,254,NA,90,NA,2,"IA",777,NA,1.6,NA,60,NA,1.2,NA,0.35,NA,0.012,NA,0.9,"U",1.8,"I",2.1,NA,2,"Q",NA,NA,NA,NA,NA,NA
"32",57123,"Z6-CN-14010",2020-02-05 12:19:00,"BOTTOM","WATER",7.36,NA,551,NA,1.87,NA,22.2,NA,23.9,NA,NA,NA,NA,NA,2.1,NA,NA,NA,NA,NA,NA,NA,NA,NA,NA,NA,NA,NA,NA,NA,NA,NA,NA,NA,NA,NA,NA,NA,NA,NA,NA,NA,NA,NA,NA,NA,NA,NA,NA,NA,NA,NA,NA,NA,NA,NA,NA,NA,NA,NA,NA,NA,NA,NA,NA,NA,NA,NA,NA,NA,NA,NA,NA,NA,NA,NA,NA,NA,NA,NA,NA,NA,NA,NA,NA,NA,NA,NA,NA,NA,NA,NA,NA,NA,NA,NA,NA,NA,NA,NA,NA,NA,NA,NA,NA,NA,NA,NA
"33",57123,"Z6-CN-14010",2020-02-05 12:20:00,"PRIMARY","WATER",7.36,NA,552,NA,2.24,NA,27,NA,24.5,NA,2.6,NA,2.4,NA,0.3,NA,NA,NA,NA,NA,NA,NA,210,NA,8.01,NA,2.5,NA,0.1,"U",68.4,NA,0.72,NA,0.01,"U",0.4,"U",5,"U",0.3,"I",18.4,NA,0.2,"U",0.4,"U",0.02,"U",0.5,"U",204,NA,32.9,NA,0.2,"U",6.9,"I",0.01,"U",6.8,NA,0.05,"U",0.044,NA,12,NA,2.1,NA,314,"A",0.16,NA,205,NA,52,NA,2,"IA",555,NA,0.92,NA,29,NA,1,NA,0.21,NA,0.006,NA,0.98,"U",1.5,"I",1.4,"I",10.9,"Q",NA,NA,NA,NA,NA,NA
"34",57119,"Z6-CN-14006",2020-02-05 13:29:00,"BOTTOM","WATER",7.47,NA,565,NA,3.59,NA,41.8,NA,22.9,NA,NA,NA,NA,NA,1.5,NA,NA,NA,NA,NA,NA,NA,NA,NA,NA,NA,NA,NA,NA,NA,NA,NA,NA,NA,NA,NA,NA,NA,NA,NA,NA,NA,NA,NA,NA,NA,NA,NA,NA,NA,NA,NA,NA,NA,NA,NA,NA,NA,NA,NA,NA,NA,NA,NA,NA,NA,NA,NA,NA,NA,NA,NA,NA,NA,NA,NA,NA,NA,NA,NA,NA,NA,NA,NA,NA,NA,NA,NA,NA,NA,NA,NA,NA,NA,NA,NA,NA,NA,NA,NA,NA,NA,NA,NA,NA,NA,NA,NA
"35",57119,"Z6-CN-14006",2020-02-05 13:30:00,"PRIMARY","WATER",7.46,NA,565,NA,3.67,NA,42.9,NA,23.1,NA,2,NA,1.8,NA,0.3,NA,NA,NA,NA,NA,NA,NA,190,NA,8.43,NA,2.6,NA,0.1,"U",69.2,NA,0.73,NA,0.01,"U",0.4,"U",5,"U",0.26,"I",20.5,NA,0.2,"U",0.4,"U",0.02,"U",0.5,"U",207,NA,34,NA,0.2,"U",10,"I",0.01,"U",6.1,NA,0.05,"U",0.097,NA,14,NA,3.2,NA,261,NA,0.16,NA,206,NA,54,NA,2,"I",570,NA,1.1,NA,33,NA,1.5,NA,0.21,NA,0.007,NA,0.98,"U",2.4,"I",2.5,NA,18.5,"Q",NA,NA,NA,NA,NA,NA
"36",57127,"Z6-CN-14014",2020-02-12 13:49:00,"BOTTOM","WATER",7.71,NA,757,NA,6.75,NA,77.9,NA,22.4,NA,NA,NA,NA,NA,2.7,NA,NA,NA,NA,NA,NA,NA,NA,NA,NA,NA,NA,NA,NA,NA,NA,NA,NA,NA,NA,NA,NA,NA,NA,NA,NA,NA,NA,NA,NA,NA,NA,NA,NA,NA,NA,NA,NA,NA,NA,NA,NA,NA,NA,NA,NA,NA,NA,NA,NA,NA,NA,NA,NA,NA,NA,NA,NA,NA,NA,NA,NA,NA,NA,NA,NA,NA,NA,NA,NA,NA,NA,NA,NA,NA,NA,NA,NA,NA,NA,NA,NA,NA,NA,NA,NA,NA,NA,NA,NA,NA,NA,NA
"37",57127,"Z6-CN-14014",2020-02-12 13:50:00,"PRIMARY","WATER",7.71,NA,757,NA,6.74,NA,77.8,NA,22.4,NA,3.2,NA,1.1,NA,0.3,NA,NA,NA,NA,NA,NA,NA,52,"I",14.9,NA,5,NA,0.1,"U",96.2,NA,1.35,NA,0.01,"U",0.4,"U",5,"U",0.81,NA,34.5,NA,0.2,"U",0.4,"U",0.02,"U",0.5,"U",301,NA,54.8,NA,0.2,"U",12,"I",0.01,"I",3.9,"I",0.07,"I",0.27,NA,26,NA,16,NA,469,NA,0.052,NA,266,NA,85,NA,2,"I",795,NA,1.6,NA,99,NA,1.2,NA,0.35,NA,0.012,NA,0.9,"U",4.4,NA,4.9,NA,1,"Q",NA,NA,NA,NA,NA,NA
"38",0,NA,2020-02-12 13:55:00,"FIELD BLANK","WATER",NA,NA,NA,NA,NA,NA,NA,NA,NA,NA,NA,NA,NA,NA,NA,NA,NA,NA,NA,NA,NA,NA,30,"U",0.04,"U",0.3,"U",0.1,"U",0.075,"U",0.05,"U",0.01,"U",0.4,"U",5,"U",0.15,"U",1,"U",0.2,"U",0.4,"U",0.02,"U",0.5,"U",0.35,"U",0.5,"U",0.2,"U",5,"U",0.01,"U",1,"U",0.05,"U",0.004,"U",0.5,"U",0.2,"U",15,"U",0.002,"U",0.65,"U",0.2,"U",2,"U",2,"U",0.08,"U",2.5,"U",0.1,"U",0.035,"U",0.002,"U",NA,NA,NA,NA,NA,NA,1,"UQ",1,"UQ",NA,NA,NA,NA
"39",57128,"Z6-CN-14015",2020-01-14 11:29:00,"BOTTOM","WATER",7.5,NA,655,NA,4.9,NA,57,NA,23.6,NA,NA,NA,NA,NA,1.3,NA,NA,NA,NA,NA,NA,NA,NA,NA,NA,NA,NA,NA,NA,NA,NA,NA,NA,NA,NA,NA,NA,NA,NA,NA,NA,NA,NA,NA,NA,NA,NA,NA,NA,NA,NA,NA,NA,NA,NA,NA,NA,NA,NA,NA,NA,NA,NA,NA,NA,NA,NA,NA,NA,NA,NA,NA,NA,NA,NA,NA,NA,NA,NA,NA,NA,NA,NA,NA,NA,NA,NA,NA,NA,NA,NA,NA,NA,NA,NA,NA,NA,NA,NA,NA,NA,NA,NA,NA,NA,NA,NA,NA
"40",57128,"Z6-CN-14015",2020-01-14 11:30:00,"PRIMARY","WATER",7.57,NA,664,NA,5.26,NA,62.6,NA,24.1,NA,1.8,NA,1,NA,0.3,NA,NA,NA,NA,NA,NA,NA,240,NA,10.8,NA,5.2,NA,0.1,"U",74,NA,0.98,NA,0.01,"U",0.4,"U",5,"U",0.97,NA,27.8,NA,0.2,"U",1.19,NA,0.02,"U",0.5,"U",229,NA,50.8,NA,0.2,"U",114,NA,0.017,"I",13.6,NA,0.1,"I",0.19,NA,16,NA,27,NA,390,"A",0.15,NA,192,"A",77,NA,6,"IA",664,"A",1.1,NA,61,"A",5.1,NA,0.2,NA,0.068,NA,1.4,"I",3.4,NA,4.4,NA,34.3,"AQ",NA,NA,NA,NA,NA,NA
"41",57124,"Z6-CN-14011",2020-01-14 13:04:00,"BOTTOM","WATER",7.17,NA,312,NA,5.32,NA,62.2,NA,23.2,NA,NA,NA,NA,NA,1.9,NA,NA,NA,NA,NA,NA,NA,NA,NA,NA,NA,NA,NA,NA,NA,NA,NA,NA,NA,NA,NA,NA,NA,NA,NA,NA,NA,NA,NA,NA,NA,NA,NA,NA,NA,NA,NA,NA,NA,NA,NA,NA,NA,NA,NA,NA,NA,NA,NA,NA,NA,NA,NA,NA,NA,NA,NA,NA,NA,NA,NA,NA,NA,NA,NA,NA,NA,NA,NA,NA,NA,NA,NA,NA,NA,NA,NA,NA,NA,NA,NA,NA,NA,NA,NA,NA,NA,NA,NA,NA,NA,NA,NA
"42",57124,"Z6-CN-14011",2020-01-14 13:05:00,"PRIMARY","WATER",7.2,NA,313.1,NA,5.86,NA,70.3,NA,24.5,NA,2.4,NA,1.5,NA,0.3,NA,NA,NA,NA,NA,NA,NA,290,NA,3.09,NA,1.1,"I",0.1,"U",43.5,NA,0.51,NA,0.01,"U",0.4,"U",5.8,"I",0.58,"I",10.8,NA,0.21,"I",0.55,"I",0.02,"U",0.5,"U",121,NA,19.9,NA,0.2,"U",28,NA,0.011,"I",14.5,NA,0.073,"I",0.04,NA,14,NA,5.5,"A",187,NA,0.1,NA,104,NA,30,"A",2,"U",314,NA,0.84,NA,69,NA,1.2,NA,0.09,"I",0.024,NA,0.9,"U",3.6,NA,4.1,NA,3.1,"Q",NA,NA,NA,NA,NA,NA
"43",57116,"Z6-CN-14003",2020-01-15 12:09:00,"BOTTOM","WATER",7.91,NA,418.2,NA,7.67,NA,90.3,NA,23.6,NA,NA,NA,NA,NA,1.9,NA,NA,NA,NA,NA,NA,NA,NA,NA,NA,NA,NA,NA,NA,NA,NA,NA,NA,NA,NA,NA,NA,NA,NA,NA,NA,NA,NA,NA,NA,NA,NA,NA,NA,NA,NA,NA,NA,NA,NA,NA,NA,NA,NA,NA,NA,NA,NA,NA,NA,NA,NA,NA,NA,NA,NA,NA,NA,NA,NA,NA,NA,NA,NA,NA,NA,NA,NA,NA,NA,NA,NA,NA,NA,NA,NA,NA,NA,NA,NA,NA,NA,NA,NA,NA,NA,NA,NA,NA,NA,NA,NA,NA
"44",57116,"Z6-CN-14003",2020-01-15 12:10:00,"PRIMARY","WATER",7.97,NA,417.8,NA,8.08,NA,96.1,NA,23.8,NA,2.4,NA,0.7,NA,0.3,NA,NA,NA,NA,NA,NA,NA,110,"I",9.86,NA,5.4,NA,0.1,"U",42.2,NA,1.24,NA,0.01,"U",0.4,"U",5,"U",0.85,NA,29,NA,0.2,"U",0.54,"I",0.02,"U",0.5,"U",146,NA,27.3,NA,0.2,"U",74,NA,0.021,"I",2.4,"I",0.12,"I",0.004,"U",14,NA,25,NA,250,"A",0.005,NA,110,NA,48,NA,10,"IA",420,NA,0.99,NA,39,"A",5.7,"A",0.17,NA,0.053,NA,4.1,"I",28,NA,31,NA,9.7,"Q",NA,NA,NA,NA,NA,NA
"45",57120,"Z6-CN-14007",2020-01-15 14:14:00,"BOTTOM","WATER",8.01,NA,1209,NA,6.59,NA,75.8,NA,22.4,NA,NA,NA,NA,NA,2.2,NA,NA,NA,NA,NA,NA,NA,NA,NA,NA,NA,NA,NA,NA,NA,NA,NA,NA,NA,NA,NA,NA,NA,NA,NA,NA,NA,NA,NA,NA,NA,NA,NA,NA,NA,NA,NA,NA,NA,NA,NA,NA,NA,NA,NA,NA,NA,NA,NA,NA,NA,NA,NA,NA,NA,NA,NA,NA,NA,NA,NA,NA,NA,NA,NA,NA,NA,NA,NA,NA,NA,NA,NA,NA,NA,NA,NA,NA,NA,NA,NA,NA,NA,NA,NA,NA,NA,NA,NA,NA,NA,NA,NA
"46",57120,"Z6-CN-14007",2020-01-15 14:15:00,"PRIMARY","WATER",8.24,NA,1197,NA,7.06,NA,83.9,NA,23.9,NA,2.7,NA,1,NA,0.3,NA,NA,NA,NA,NA,NA,NA,46,"I",28.2,NA,11,NA,0.1,"U",103,NA,2.5,NA,0.01,"U",0.4,"U",5,"U",1.88,NA,70.8,NA,0.21,"I",1.18,NA,0.02,"U",0.5,"U",373,NA,119,NA,0.2,"U",24,NA,0.012,"I",3.9,"I",0.16,"I",0.94,NA,32,NA,77,NA,762,"A",0.086,NA,291,NA,170,NA,2,"IA",1210,NA,2.1,NA,110,NA,3.4,NA,0.53,NA,0.1,NA,0.98,"U",4.5,NA,5.2,NA,17.5,"Q",NA,NA,NA,NA,NA,NA
"47",57125,"Z6-CN-14012",2020-01-16 12:29:00,"BOTTOM","WATER",6.86,NA,431.8,NA,3.74,NA,42.6,NA,22,NA,NA,NA,NA,NA,1.2,NA,NA,NA,NA,NA,NA,NA,NA,NA,NA,NA,NA,NA,NA,NA,NA,NA,NA,NA,NA,NA,NA,NA,NA,NA,NA,NA,NA,NA,NA,NA,NA,NA,NA,NA,NA,NA,NA,NA,NA,NA,NA,NA,NA,NA,NA,NA,NA,NA,NA,NA,NA,NA,NA,NA,NA,NA,NA,NA,NA,NA,NA,NA,NA,NA,NA,NA,NA,NA,NA,NA,NA,NA,NA,NA,NA,NA,NA,NA,NA,NA,NA,NA,NA,NA,NA,NA,NA,NA,NA,NA,NA,NA
"48",57125,"Z6-CN-14012",2020-01-16 12:30:00,"PRIMARY","WATER",6.86,NA,434.1,NA,4.44,NA,51.1,NA,22.3,NA,1.7,NA,0.9,NA,0.3,NA,NA,NA,NA,NA,NA,NA,510,NA,9.06,NA,17.2,NA,0.1,"U",32.1,NA,0.71,NA,0.01,"U",0.84,"I",5,"U",0.21,"I",24,NA,0.2,"U",0.89,NA,0.02,"U",0.5,"U",117,NA,32.4,NA,0.2,"U",430,NA,0.019,"I",60.9,NA,0.061,"I",0.48,NA,24,NA,48,NA,296,"A",0.11,NA,60,NA,61,NA,5,"IA",436,NA,1.3,NA,120,NA,3.5,NA,0.086,"I",0.31,NA,2.1,"I",9.1,NA,11,NA,48.7,"Q",NA,NA,NA,NA,NA,NA
"49",0,NA,2020-01-16 12:40:00,"FIELD BLANK","WATER",NA,NA,NA,NA,NA,NA,NA,NA,NA,NA,NA,NA,NA,NA,NA,NA,NA,NA,NA,NA,NA,NA,30,"U",0.04,"U",0.3,"U",0.1,"U",0.075,"U",0.05,"U",0.01,"U",0.4,"U",5,"U",0.15,"U",1,"U",0.2,"U",0.4,"U",0.02,"U",0.5,"U",0.35,"U",0.5,"U",0.2,"U",5,"U",0.01,"U",1,"U",0.05,"U",0.004,"U",0.5,"U",0.2,"U",15,"U",0.002,"U",0.65,"U",0.2,"U",2,"U",2,"U",0.08,"U",2.5,"U",0.1,"U",0.035,"U",0.002,"U",NA,NA,NA,NA,NA,NA,1,"UQ",1,"UQ",NA,NA,NA,NA
"50",57117,"Z6-CN-14004",2020-01-21 11:14:00,"BOTTOM","WATER",7.26,NA,693,NA,4.59,NA,52.7,NA,22.1,NA,NA,NA,NA,NA,2.6,NA,NA,NA,NA,NA,NA,NA,NA,NA,NA,NA,NA,NA,NA,NA,NA,NA,NA,NA,NA,NA,NA,NA,NA,NA,NA,NA,NA,NA,NA,NA,NA,NA,NA,NA,NA,NA,NA,NA,NA,NA,NA,NA,NA,NA,NA,NA,NA,NA,NA,NA,NA,NA,NA,NA,NA,NA,NA,NA,NA,NA,NA,NA,NA,NA,NA,NA,NA,NA,NA,NA,NA,NA,NA,NA,NA,NA,NA,NA,NA,NA,NA,NA,NA,NA,NA,NA,NA,NA,NA,NA,NA,NA
"51",57117,"Z6-CN-14004",2020-01-21 11:15:00,"PRIMARY","WATER",7.35,NA,692,NA,5.1,NA,58.8,NA,22.3,NA,3.2,NA,1.8,NA,0.3,NA,NA,NA,NA,NA,NA,NA,35,"I",7.57,NA,5.3,NA,0.1,"U",87.1,NA,1.19,NA,0.01,"U",0.4,"U",5,"U",1.02,NA,19.9,NA,0.2,"U",3.15,NA,0.02,"U",0.5,"U",249,NA,44.9,NA,0.2,"U",13,"I",0.01,"U",23.1,NA,0.11,"I",0.021,NA,14,NA,23,NA,408,NA,0.087,NA,230,NA,69,NA,2,"U",686,NA,1.1,NA,45,"A",1.3,NA,0.33,NA,0.082,NA,4.2,NA,15,NA,19,NA,8.5,"Q",NA,NA,NA,NA,NA,NA
"52",57121,"Z6-CN-14008",2020-01-21 12:49:00,"BOTTOM","WATER",7.36,NA,572,NA,3.21,NA,36.2,NA,21.2,NA,NA,NA,NA,NA,1.9,NA,NA,NA,NA,NA,NA,NA,NA,NA,NA,NA,NA,NA,NA,NA,NA,NA,NA,NA,NA,NA,NA,NA,NA,NA,NA,NA,NA,NA,NA,NA,NA,NA,NA,NA,NA,NA,NA,NA,NA,NA,NA,NA,NA,NA,NA,NA,NA,NA,NA,NA,NA,NA,NA,NA,NA,NA,NA,NA,NA,NA,NA,NA,NA,NA,NA,NA,NA,NA,NA,NA,NA,NA,NA,NA,NA,NA,NA,NA,NA,NA,NA,NA,NA,NA,NA,NA,NA,NA,NA,NA,NA,NA
"53",57121,"Z6-CN-14008",2020-01-21 12:50:00,"PRIMARY","WATER",7.42,NA,572,NA,4.26,NA,47.9,NA,21.6,NA,2.4,NA,1.6,NA,0.3,NA,NA,NA,NA,NA,NA,NA,77,"I",4.4,NA,4.2,NA,0.1,"U",86,NA,1.75,NA,0.01,"U",0.48,"I",5.2,"I",1.04,NA,21.5,NA,0.27,"I",1.17,NA,0.02,"U",0.5,"U",233,NA,26.1,NA,0.2,"U",12,"I",0.01,"U",10.1,NA,0.16,"I",0.14,NA,12,NA,15,NA,344,"A",0.064,NA,223,NA,42,NA,3,"IA",568,NA,1,NA,53,NA,1.4,NA,0.2,NA,0.073,NA,3.2,NA,30,NA,33,NA,25.8,"AQ",NA,NA,NA,NA,NA,NA
"54",57249,"Z5-CN-14002",2020-01-08 10:20:00,"PRIMARY","WATER",7.22,NA,572,NA,3.66,NA,39.5,NA,19,NA,0.4,NA,0.4,"S",0.2,NA,NA,NA,NA,NA,NA,NA,540,NA,6.05,NA,6,NA,0.1,"U",105,NA,0.68,NA,0.01,"U",0.72,"I",5,"U",1.15,NA,22.7,NA,0.2,"U",0.69,"I",0.02,"U",0.79,"I",286,NA,15.6,NA,0.2,"U",23,NA,0.021,"I",7.6,NA,0.075,"I",0.076,NA,16,NA,15,NA,359,NA,0.02,NA,256,NA,28,NA,2,"I",571,NA,0.87,NA,73,NA,2.5,NA,0.15,NA,0.044,NA,0.9,"U",1.1,"I",1.4,"I",48,"Q",NA,NA,NA,NA,NA,NA
"55",57255,"Z5-CN-14009",2020-01-08 11:10:00,"PRIMARY","WATER",7.48,NA,556,NA,7.18,NA,79.2,NA,20.1,NA,0.7,NA,0.7,"S",0.3,NA,NA,NA,NA,NA,NA,NA,450,NA,4.18,NA,3.3,NA,0.1,"U",99,NA,1.68,NA,0.01,"U",0.81,"I",5,"U",3.98,NA,16.1,NA,0.22,"I",0.4,"U",0.02,"U",0.5,"U",264,NA,20.3,NA,0.2,"U",13,"I",0.036,"I",7.2,NA,0.15,"I",0.16,NA,15,NA,10,NA,335,NA,0.037,NA,250,NA,31,NA,2,"I",560,NA,0.91,NA,74,NA,1.8,NA,0.16,NA,0.014,NA,1,"I",2.5,"I",3.2,NA,19.7,"Q",NA,NA,NA,NA,NA,NA
"56",57251,"Z5-CN-14005",2020-01-08 11:40:00,"PRIMARY","WATER",7.41,NA,447.8,NA,1.6,NA,19,NA,23.2,NA,1,NA,1,"S",0.3,NA,NA,NA,NA,NA,NA,NA,160,NA,4.25,NA,3.9,NA,0.1,"U",76.7,NA,0.5,NA,0.01,"U",0.9,"I",5,"U",2.56,NA,14.5,NA,0.2,"U",0.4,"U",0.02,"U",0.5,"U",209,NA,15.1,NA,0.2,"U",19,"I",0.041,NA,9.2,NA,0.052,"I",0.028,NA,15,NA,3.6,NA,267,NA,0.16,NA,198,NA,25,NA,2,"I",446,NA,0.98,NA,86,NA,0.8,NA,0.099,"I",0.016,NA,0.9,"U",3.2,NA,3.5,NA,1,"UQ",NA,NA,NA,NA,NA,NA
"57",57253,"Z5-CN-14007B",2020-01-09 12:25:00,"PRIMARY","WATER",7.48,NA,509,NA,5.16,NA,58.8,NA,21.6,NA,3.2,NA,1.5,NA,0.3,NA,NA,NA,NA,NA,NA,NA,130,NA,4.11,NA,0.96,"I",0.1,"U",91,NA,1.04,NA,0.01,"U",0.4,"U",5,"U",0.2,"I",17.9,NA,0.2,"U",0.4,"U",0.02,"U",0.5,"U",244,NA,16.4,NA,0.2,"U",5,"U",0.01,"U",8.5,NA,0.05,"U",NA,"O",NA,"O",NA,"O",NA,"O",NA,"O",NA,"O",NA,"O",NA,"O",NA,"O",NA,"O",NA,NA,NA,"O",NA,"O",NA,"O",NA,"O",NA,"O",NA,"O",NA,NA,NA,NA,NA,NA,NA,NA
"58",57253,"Z5-CN-14007B",2020-01-09 12:27:00,"BOTTOM","WATER",6.96,NA,477.3,NA,1.78,NA,19.5,NA,19.8,NA,NA,NA,NA,NA,2.7,NA,NA,NA,NA,NA,NA,NA,NA,NA,NA,NA,NA,NA,NA,NA,NA,NA,NA,NA,NA,NA,NA,NA,NA,NA,NA,NA,NA,NA,NA,NA,NA,NA,NA,NA,NA,NA,NA,NA,NA,NA,NA,NA,NA,NA,NA,NA,NA,NA,NA,NA,NA,NA,NA,NA,NA,NA,NA,NA,NA,NA,NA,NA,NA,NA,NA,NA,NA,NA,NA,NA,NA,NA,NA,NA,NA,NA,NA,NA,NA,NA,NA,NA,NA,NA,NA,NA,NA,NA,NA,NA,NA,NA
"59",57250,"Z5-CN-14003",2020-01-13 10:35:00,"PRIMARY","WATER",7.72,NA,777,NA,6.13,NA,71.7,NA,23,NA,1.4,NA,1.2,NA,0.3,NA,NA,NA,NA,NA,NA,NA,48,"I",16.7,NA,5.9,NA,0.1,"U",92.8,NA,1.56,NA,0.01,"U",0.4,"U",5,"U",0.64,NA,37,NA,0.2,"U",0.4,"U",0.02,"U",0.5,"U",300,NA,52.6,NA,0.2,"U",42,NA,0.012,"I",12.4,NA,0.075,"I",0.12,NA,26,NA,22,NA,498,NA,0.11,NA,261,NA,86,NA,4,"IA",788,NA,1.9,NA,78,NA,3.3,NA,0.39,NA,0.025,NA,2.9,NA,12,"A",14,"A",4.1,"Q",NA,NA,NA,NA,NA,NA
"60",57259,"Z5-CN-14014",2020-01-13 11:30:00,"PRIMARY","WATER",8.55,NA,528,NA,9.2,NA,107.4,NA,22.9,NA,2.5,NA,0.7,NA,0.3,NA,NA,NA,NA,NA,NA,NA,66,"I",8.47,NA,4.1,NA,0.1,"U",78.5,NA,1.47,NA,0.01,"U",0.4,"U",5,"U",0.44,"I",19.4,NA,0.2,"U",0.43,"I",0.02,"U",0.5,"U",231,NA,30.5,NA,0.2,"U",32,NA,0.013,"I",7.2,NA,0.13,"I",0.004,"U",20,NA,6.3,NA,317,NA,0.009,NA,215,NA,42,NA,6,"I",536,NA,1.5,NA,54,"A",5.9,NA,0.27,NA,0.035,NA,1.3,"U",10,NA,11,NA,3.1,"Q",NA,NA,NA,NA,NA,NA
"61",57259,"Z5-CN-14014",2020-01-13 11:32:00,"BOTTOM","WATER",8.48,NA,527,NA,8.94,NA,103.8,NA,22.7,NA,NA,NA,NA,NA,2,NA,NA,NA,NA,NA,NA,NA,NA,NA,NA,NA,NA,NA,NA,NA,NA,NA,NA,NA,NA,NA,NA,NA,NA,NA,NA,NA,NA,NA,NA,NA,NA,NA,NA,NA,NA,NA,NA,NA,NA,NA,NA,NA,NA,NA,NA,NA,NA,NA,NA,NA,NA,NA,NA,NA,NA,NA,NA,NA,NA,NA,NA,NA,NA,NA,NA,NA,NA,NA,NA,NA,NA,NA,NA,NA,NA,NA,NA,NA,NA,NA,NA,NA,NA,NA,NA,NA,NA,NA,NA,NA,NA,NA
"62",0,NA,2020-01-13 11:40:00,"FIELD BLANK","WATER",NA,NA,NA,NA,NA,NA,NA,NA,NA,NA,NA,NA,NA,NA,NA,NA,NA,NA,NA,NA,NA,NA,30,"U",0.04,"U",0.3,"U",0.1,"U",0.075,"U",0.05,"U",0.01,"U",0.4,"U",5,"U",0.15,"U",1,"U",0.2,"U",0.4,"U",0.02,"U",0.5,"U",0.35,"U",0.5,"U",0.2,"U",5,"U",0.01,"U",1,"U",0.05,"U",0.004,"U",0.5,"U",0.2,"U",15,"U",0.002,"U",0.65,"U",0.2,"U",2,"U",2,"U",0.08,"U",2.5,"U",0.1,"U",0.035,"U",0.002,"U",NA,NA,NA,NA,NA,NA,1,"UQ",NA,NA,NA,NA,NA,NA
"63",57248,"Z5-CN-14001",2020-01-14 08:50:00,"PRIMARY","WATER",7.8,NA,652,NA,7.23,NA,83.3,NA,22.3,NA,0.8,NA,0.8,"S",0.3,NA,NA,NA,NA,NA,NA,NA,50,"I",8.23,NA,2.8,NA,0.1,"U",85.7,NA,1.15,NA,0.01,"U",0.4,"U",5,"U",3.61,NA,27.9,NA,0.38,"I",0.58,"I",0.02,"U",0.66,"I",248,NA,40.3,NA,0.2,"U",21,NA,0.01,"U",8.5,NA,0.37,NA,0.004,"U",7.3,NA,22,NA,374,NA,0.002,"I",197,"A",80,NA,3,"I",662,"A",0.68,NA,17,"Q",1.6,"Q",0.18,NA,0.02,NA,1.4,"IQ",5.9,"Q",7,"Q",NA,"O",NA,NA,NA,NA,NA,NA
"64",57258,"Z5-CN-14013",2020-01-14 10:20:00,"PRIMARY","WATER",7.47,NA,491.4,NA,5.07,NA,59.4,NA,22.6,NA,1.2,NA,1.2,"S",0.3,NA,NA,NA,NA,NA,NA,NA,310,NA,6.44,NA,2,NA,0.1,"U",76,NA,0.97,NA,0.01,"U",0.82,"I",5,"U",1.09,NA,15,NA,0.2,"U",0.42,"I",0.02,"U",1,"I",216,NA,23.2,NA,0.2,"U",43,NA,0.018,"I",3.3,"I",0.5,NA,0.029,NA,13,NA,13,NA,300,NA,0.009,NA,183,NA,39,NA,8,"I",491,NA,0.97,NA,55,"Q",3.9,"Q",0.11,NA,0.025,NA,2.3,"I",16,NA,17,NA,10,"Q",NA,NA,NA,NA,NA,NA
"65",57253,"Z5-CN-14007",2020-01-15 11:32:00,"BOTTOM","WATER",6.97,NA,489,NA,1.76,NA,19.4,NA,20.1,NA,NA,NA,NA,NA,2.6,NA,NA,NA,NA,NA,NA,NA,NA,NA,NA,NA,NA,NA,NA,NA,NA,NA,NA,NA,NA,NA,NA,NA,NA,NA,NA,NA,NA,NA,NA,NA,NA,NA,NA,NA,NA,NA,NA,NA,NA,NA,NA,NA,NA,NA,NA,NA,NA,NA,NA,NA,NA,NA,NA,NA,NA,NA,NA,NA,NA,NA,NA,NA,NA,NA,NA,NA,NA,NA,NA,NA,NA,NA,NA,NA,NA,NA,NA,NA,NA,NA,NA,NA,NA,NA,NA,NA,NA,NA,NA,NA,NA,NA
"66",57253,"Z5-CN-14007",2020-01-15 11:30:00,"PRIMARY","WATER",7.48,NA,507,NA,5.09,NA,59.1,NA,21.5,NA,3.1,NA,1.5,NA,0.3,NA,NA,NA,NA,NA,NA,NA,170,NA,4.14,NA,0.91,"I",0.1,"U",96.1,NA,1.15,NA,0.01,"U",0.4,"U",5,"U",0.2,"I",18.9,NA,0.2,"U",0.4,"U",0.02,"U",0.6,"I",257,NA,16.8,NA,0.2,"U",6.8,"I",0.01,"U",11.6,NA,0.05,"U",0.073,NA,13,NA,0.2,"U",311,NA,0.089,NA,245,NA,24,NA,2,"U",527,NA,1,NA,20,"A",1.4,NA,0.14,NA,0.016,NA,1.6,"I",5.8,NA,7,NA,7.4,"AQ",NA,NA,NA,NA,NA,NA
"67",57261,"Z5-CN-14016",2020-01-16 12:05:00,"PRIMARY","WATER",7.78,NA,236.1,NA,10.82,NA,125.9,NA,23.2,NA,2,NA,0.4,NA,0.3,NA,NA,NA,NA,NA,NA,NA,260,NA,7.53,NA,5.4,NA,0.1,"U",18.1,NA,0.64,NA,0.01,"U",0.4,"U",5,"U",0.16,"I",22.1,NA,0.2,"U",0.43,"I",0.02,"U",0.5,"U",76.2,NA,15.4,NA,0.2,"U",52,NA,0.018,"I",11.7,NA,0.055,"I",0.004,"U",17,NA,30,NA,179,"A",0.002,"U",30,"A",32,NA,11,"A",240,"A",1.1,NA,77,NA,5.1,"A",0.079,"I",0.045,NA,3.5,"U",28,NA,30,NA,10.9,"Q",NA,NA,NA,NA,NA,NA
"68",57261,"Z5-CN-14016",2020-01-16 12:07:00,"BOTTOM","WATER",8.19,NA,246.8,NA,10.25,NA,118.6,NA,22.6,NA,NA,NA,NA,NA,1.5,NA,NA,NA,NA,NA,NA,NA,NA,NA,NA,NA,NA,NA,NA,NA,NA,NA,NA,NA,NA,NA,NA,NA,NA,NA,NA,NA,NA,NA,NA,NA,NA,NA,NA,NA,NA,NA,NA,NA,NA,NA,NA,NA,NA,NA,NA,NA,NA,NA,NA,NA,NA,NA,NA,NA,NA,NA,NA,NA,NA,NA,NA,NA,NA,NA,NA,NA,NA,NA,NA,NA,NA,NA,NA,NA,NA,NA,NA,NA,NA,NA,NA,NA,NA,NA,NA,NA,NA,NA,NA,NA,NA,NA
"69",0,NA,2020-01-16 12:15:00,"FIELD BLANK","WATER",NA,NA,NA,NA,NA,NA,NA,NA,NA,NA,NA,NA,NA,NA,NA,NA,NA,NA,NA,NA,NA,NA,30,"U",0.04,"U",0.3,"U",0.1,"U",0.075,"U",0.05,"U",0.01,"U",0.4,"U",5,"U",0.15,"U",1,"U",0.2,"U",0.4,"U",0.02,"U",0.5,"U",0.35,"U",0.5,"U",0.2,"U",5,"U",0.01,"U",1,"U",0.05,"U",0.004,"U",0.5,"U",0.2,"U",15,"U",0.002,"U",0.65,"U",0.2,"U",2,"U",2,"U",0.08,"U",2.5,"U",0.1,"U",0.035,"U",0.002,"U",NA,NA,NA,NA,NA,NA,1,"UQ",NA,NA,NA,NA,NA,NA
"70",57254,"Z5-CN-14008",2020-01-21 10:15:00,"PRIMARY","WATER",7.54,NA,700,NA,6.26,NA,70.1,NA,20.4,NA,3,NA,1.1,NA,0.3,NA,NA,NA,NA,NA,NA,NA,30,"U",12.7,NA,10.2,NA,0.1,"U",70.7,NA,3.12,NA,0.01,"U",0.4,"U",5,"U",1.78,NA,47.1,NA,0.2,"U",0.4,"U",0.02,"U",0.5,"U",229,NA,53.8,NA,0.2,"U",11,"I",0.01,"I",11.7,NA,0.15,"I",0.035,NA,19,NA,44,NA,427,NA,0.013,NA,186,NA,84,NA,4,"I",714,NA,1.4,NA,61,NA,2.1,NA,0.2,NA,0.058,NA,6.2,NA,19,NA,24,NA,4.1,"Q",NA,NA,NA,NA,NA,NA
"71",57254,"Z5-CN-14008",2020-01-21 10:17:00,"BOTTOM","WATER",7.76,NA,701,NA,6.06,NA,67.5,NA,20.3,NA,NA,NA,NA,NA,2.5,NA,NA,NA,NA,NA,NA,NA,NA,NA,NA,NA,NA,NA,NA,NA,NA,NA,NA,NA,NA,NA,NA,NA,NA,NA,NA,NA,NA,NA,NA,NA,NA,NA,NA,NA,NA,NA,NA,NA,NA,NA,NA,NA,NA,NA,NA,NA,NA,NA,NA,NA,NA,NA,NA,NA,NA,NA,NA,NA,NA,NA,NA,NA,NA,NA,NA,NA,NA,NA,NA,NA,NA,NA,NA,NA,NA,NA,NA,NA,NA,NA,NA,NA,NA,NA,NA,NA,NA,NA,NA,NA,NA,NA
"72",57260,"Z5-CN-14015",2020-01-21 12:00:00,"PRIMARY","WATER",7.09,NA,253,NA,6.56,NA,70,NA,18.7,NA,1.4,NA,0.3,NA,0.3,NA,NA,NA,NA,NA,NA,NA,170,NA,7.56,NA,5.6,NA,0.1,"U",22.2,NA,0.82,NA,0.01,"U",0.4,"U",5,"U",0.19,"I",23.7,NA,0.2,"U",0.8,NA,0.02,"U",0.5,"I",86.6,NA,15.1,NA,0.2,"U",105,NA,0.024,"I",9.3,NA,0.055,"I",0.052,NA,19,NA,35,"A",170,NA,0.012,NA,34,NA,30,"A",9,"I",258,NA,1.3,NA,100,NA,4.9,NA,0.09,"I",0.11,NA,4.6,"A",22,"A",25,"A",36.4,"Q",NA,NA,NA,NA,NA,NA
"73",57256,"Z5-CN-14010",2020-01-27 10:20:00,"PRIMARY","WATER",7.26,NA,621,NA,7.39,NA,78,NA,17.8,NA,1.6,NA,0.6,NA,0.3,NA,NA,NA,NA,NA,NA,NA,240,NA,13.8,NA,8.1,NA,0.1,"U",63.3,NA,1.78,NA,0.01,"U",0.4,"U",5,"U",1.54,NA,29.7,NA,0.25,"I",0.64,"I",0.02,"U",0.64,"I",215,NA,45.5,NA,0.2,"U",146,NA,0.021,"I",7.3,NA,0.19,"I",0.3,NA,17,NA,40,NA,392,NA,0.07,NA,156,NA,77,NA,10,"I",649,NA,1.2,NA,60,"Q",11,"AQ",0.22,NA,0.083,NA,3.8,"IQ",14,"AQ",17,"AQ",NA,"O",NA,NA,NA,NA,NA,NA
"74",57256,"Z5-CN-14010",2020-01-27 10:22:00,"BOTTOM","WATER",7.52,NA,525,NA,7.72,NA,80.7,NA,17.4,NA,NA,NA,NA,NA,1.1,NA,NA,NA,NA,NA,NA,NA,NA,NA,NA,NA,NA,NA,NA,NA,NA,NA,NA,NA,NA,NA,NA,NA,NA,NA,NA,NA,NA,NA,NA,NA,NA,NA,NA,NA,NA,NA,NA,NA,NA,NA,NA,NA,NA,NA,NA,NA,NA,NA,NA,NA,NA,NA,NA,NA,NA,NA,NA,NA,NA,NA,NA,NA,NA,NA,NA,NA,NA,NA,NA,NA,NA,NA,NA,NA,NA,NA,NA,NA,NA,NA,NA,NA,NA,NA,NA,NA,NA,NA,NA,NA,NA,NA
"75",57252,"Z5-CN-14006",2020-01-27 11:10:00,"PRIMARY","WATER",7.08,NA,655,NA,3.47,NA,36.7,NA,17.9,NA,1.2,NA,0.5,NA,0.3,NA,NA,NA,NA,NA,NA,NA,960,NA,9.82,NA,3,NA,0.1,"U",76,NA,1.19,NA,0.01,"U",1,"I",5,"U",0.65,NA,23.4,NA,0.23,"I",0.4,"U",0.02,"U",0.54,"I",230,NA,50.9,NA,0.2,"U",93,NA,0.039,"I",11.4,NA,0.14,"I",0.052,NA,25,NA,9.7,NA,406,NA,0.057,NA,222,NA,72,NA,3,"I",682,NA,1.3,NA,130,"Q",5.2,"Q",0.26,NA,0.048,NA,0.9,"UQ",5.9,"Q",6.6,"Q",NA,"O",NA,NA,NA,NA,NA,NA
"76",57262,"Z5-CN-14017",2020-01-28 11:00:00,"PRIMARY","WATER",7.12,NA,525,NA,5.06,NA,56.4,NA,20.5,NA,1.4,NA,1,NA,0.3,NA,NA,NA,NA,NA,NA,NA,550,NA,3.99,NA,4,NA,0.1,"U",92,NA,1.09,NA,0.01,"U",0.42,"I",5,"U",2.58,NA,15.6,NA,0.2,"U",0.4,"U",0.02,"U",0.57,"I",246,NA,19.6,NA,0.2,"U",21,NA,0.027,"I",1.8,"I",0.17,"I",0.073,NA,8.2,NA,12,NA,308,NA,0.066,NA,230,"A",26,NA,4,"I",538,"A",0.68,NA,38,"A",4.4,"A",0.11,NA,0.01,NA,1.4,"U",3.1,"I",3.8,NA,1,"Q",NA,NA,NA,NA,NA,NA
"77",0,NA,2020-01-28 11:10:00,"FIELD BLANK","WATER",NA,NA,NA,NA,NA,NA,NA,NA,NA,NA,NA,NA,NA,NA,NA,NA,NA,NA,NA,NA,NA,NA,30,"U",0.04,"U",0.3,"U",0.1,"U",0.075,"U",0.05,"U",0.01,"U",0.4,"U",5,"U",0.15,"U",1,"U",0.2,"U",0.4,"U",0.02,"U",0.5,"U",0.35,"U",0.5,"U",0.2,"U",5,"U",0.01,"U",1,"U",0.05,"U",0.004,"U",0.5,"U",0.2,"U",15,"U",0.002,"U",0.65,"U",0.2,"U",2,"U",2,"U",0.08,"U",2.5,"U",0.1,"U",0.035,"U",0.002,"U",NA,NA,NA,NA,NA,NA,1,"UQ",NA,NA,NA,NA,NA,NA
"78",57257,"Z5-CN-14011",2020-01-28 11:53:00,"PRIMARY","WATER",7,NA,163.5,NA,9.17,NA,94.7,NA,17,NA,1.6,NA,1.2,NA,0.3,NA,NA,NA,NA,NA,NA,NA,110,"I",3.6,NA,3.9,NA,0.1,"U",7.48,NA,0.47,NA,0.01,"U",0.4,"U",5,"U",0.15,"U",14.8,NA,0.2,"U",0.53,"I",0.02,"U",0.5,"U",33.5,NA,17.7,NA,0.2,"U",67,NA,0.015,"I",1.4,"I",0.081,"I",0.007,"I",12,NA,11,"A",108,"A",0.008,NA,8.8,NA,32,"A",2,"UA",168,NA,0.56,NA,56,NA,0.65,NA,0.056,"I",0.011,NA,0.9,"U",1,"I",1.1,"I",2,"AQ",NA,NA,NA,NA,NA,NA
"79",57257,"Z5-CN-14011",2020-01-28 11:58:00,"BOTTOM","WATER",6.78,NA,163.4,NA,9.12,NA,94.5,NA,17.1,NA,NA,NA,NA,NA,1.1,NA,NA,NA,NA,NA,NA,NA,NA,NA,NA,NA,NA,NA,NA,NA,NA,NA,NA,NA,NA,NA,NA,NA,NA,NA,NA,NA,NA,NA,NA,NA,NA,NA,NA,NA,NA,NA,NA,NA,NA,NA,NA,NA,NA,NA,NA,NA,NA,NA,NA,NA,NA,NA,NA,NA,NA,NA,NA,NA,NA,NA,NA,NA,NA,NA,NA,NA,NA,NA,NA,NA,NA,NA,NA,NA,NA,NA,NA,NA,NA,NA,NA,NA,NA,NA,NA,NA,NA,NA,NA,NA,NA,NA
"80",0,NA,2020-01-13 10:12:00,"FIELD BLANK","WATER",NA,NA,NA,NA,NA,NA,NA,NA,NA,NA,NA,NA,NA,NA,NA,NA,NA,NA,NA,NA,NA,NA,30,"U",0.04,"U",0.3,"U",0.1,"U",0.075,"U",0.05,"U",0.01,"U",0.4,"U",5,"U",0.15,"U",1,"U",0.2,"U",2.1,NA,0.02,"U",0.5,"U",0.35,"U",0.5,"U",0.2,"U",5,"U",0.01,"U",1,"U",0.05,"U",0.004,"U",0.5,"U",0.2,"U",15,"U",0.002,"U",0.65,"U",0.2,"U",2,"U",2,"U",0.08,"U",2.5,"U",0.1,"U",0.035,"U",0.002,"U",NA,NA,NA,NA,NA,NA,1,"UQ",NA,NA,NA,NA,NA,NA
"81",57147,"Z3-CN-14012",2020-01-13 10:23:00,"PRIMARY","WATER",7.36,NA,1434,NA,4.67,NA,53.7,NA,22.159,NA,1.1,NA,1.1,"S",0.35,NA,NA,NA,NA,NA,NA,NA,520,NA,27.8,NA,4.4,NA,0.1,"U",113,NA,0.61,NA,0.01,"U",0.4,"U",5,"U",1.55,NA,42.7,NA,0.2,"U",1.18,"G",0.02,"U",0.5,"U",395,NA,134,NA,0.2,"U",20,"I",0.01,"U",14,NA,0.05,"U",0.24,NA,12,NA,72,NA,826,NA,0.015,NA,197,NA,290,NA,2,"I",1430,NA,0.6,NA,47,NA,2.7,"A",0.38,NA,0.088,NA,0.9,"U",0.82,"U",0.9,"I",47.2,"AQ",NA,NA,0.72,NA,0,NA
"82",57144,"Z3-CN-14008",2020-01-13 12:26:00,"PRIMARY","WATER",7.45,NA,1531,NA,5.96,NA,70.8,NA,23.762,NA,1.3,NA,1.3,"S",0.3,NA,NA,NA,NA,NA,NA,NA,520,NA,30.8,NA,7.4,NA,0.1,"U",110,NA,0.65,NA,0.01,"U",0.44,"I",5,"U",1.26,NA,36.8,NA,0.2,"U",2.1,"G",0.02,"U",0.69,"I",402,NA,162,NA,0.2,"U",24,NA,0.01,"U",16.3,NA,0.07,"I",0.26,NA,12,NA,79,NA,828,NA,0.077,NA,201,NA,310,NA,2,"I",1520,NA,0.71,NA,48,NA,2.8,NA,0.43,NA,0.07,NA,0.9,"U",1.4,"I",2,NA,72.7,"Q",NA,NA,0.77,NA,0,NA
"83",57141,"Z3-CN-14004",2020-01-13 13:27:00,"PRIMARY","WATER",7.48,NA,2403,NA,4.59,NA,54.9,NA,23.987,NA,0.9,NA,0.9,"S",0.3,NA,NA,NA,NA,NA,NA,NA,190,NA,53.1,NA,8.3,NA,0.1,"U",130,NA,0.58,NA,0.01,"U",0.4,"U",5,"U",0.83,NA,61.4,NA,0.2,"U",3.06,"G",0.02,"U",1,"I",544,NA,276,NA,0.2,"U",85,NA,0.01,"U",23.7,NA,0.05,"U",0.14,NA,8.1,NA,130,NA,1340,NA,0.074,NA,200,NA,560,NA,4,"I",2360,NA,0.63,NA,29,"A",2.3,NA,0.5,NA,0.065,NA,1.6,"I",2.3,"I",3.3,NA,74,"Q",NA,NA,1.23,NA,0,NA
"84",57146,"Z3-CN-14011",2020-01-14 09:18:00,"PRIMARY","WATER",7.26,NA,1285,NA,5.64,NA,65.2,NA,22.342,NA,0.75,NA,0.3,NA,0.3,NA,NA,NA,NA,NA,NA,NA,2300,NA,16.3,NA,3.4,NA,0.1,"U",153,NA,5.01,NA,0.01,"U",1.2,"I",5,"U",9.81,NA,46.2,NA,4.38,NA,1.14,NA,0.025,"I",8.5,NA,449,NA,92.8,NA,0.77,NA,600,NA,0.057,NA,31.6,NA,0.66,NA,0.32,NA,15,NA,98,NA,732,NA,0.51,NA,260,NA,200,NA,16,NA,1280,NA,1.4,NA,45,"A",22,NA,0.24,NA,0.24,NA,1.8,"I",6.9,NA,8.2,NA,117.8,"Q",NA,NA,0.64,NA,1,NA
"85",57149,"Z3-CN-14015",2020-01-14 10:18:00,"PRIMARY","WATER",7.22,NA,1717,NA,4.13,NA,47.4,NA,21.83,NA,0.98,NA,0.4,NA,0.3,NA,NA,NA,NA,NA,NA,NA,1100,NA,29.3,NA,5.8,NA,0.1,"U",85.1,NA,1.19,NA,0.01,"U",0.66,"I",9.8,"I",3.89,NA,62.7,NA,0.2,"U",0.68,"I",0.02,"U",0.96,"I",333,NA,216,NA,1.17,NA,238,NA,0.022,"I",17.9,NA,0.13,"I",0.16,NA,25,NA,71,NA,920,NA,0.12,NA,140,NA,410,NA,9,"I",1720,NA,1.2,NA,180,NA,7,NA,0.17,NA,0.18,NA,1.8,"U",2.5,"I",3.2,"I",108.6,"Q",NA,NA,0.87,NA,1,NA
"86",57152,"Z3-CN-14021",2020-01-21 10:19:00,"PRIMARY","WATER",7.46,NA,365.4,NA,9.06,NA,90.9,NA,15.471,NA,2.1,NA,0.35,NA,0.32,NA,NA,NA,NA,NA,NA,NA,30,"U",13,NA,7,NA,0.1,"U",39.5,NA,2.37,NA,0.01,"U",0.4,"U",5,"U",10.2,NA,31,NA,0.2,"U",0.4,"U",0.02,"U",0.5,"U",152,NA,16.4,NA,0.36,"I",87,NA,0.01,"U",19.1,NA,0.22,NA,0.004,"I",19,NA,12,NA,213,NA,0.011,NA,128,NA,31,NA,44,NA,373,NA,2.7,NA,19,NA,13,"A",0.23,NA,0.067,NA,4.5,"U",32,NA,34,NA,28.8,"Q",NA,NA,NA,NA,0,NA
"87",57152,"Z3-CN-14021",2020-01-21 10:21:00,"BOTTOM","WATER",8.16,NA,366.4,NA,8.85,NA,88.8,NA,15.495,NA,2.1,NA,0.35,NA,1.61,NA,NA,NA,NA,NA,NA,NA,NA,NA,NA,NA,NA,NA,NA,NA,NA,NA,NA,NA,NA,NA,NA,NA,NA,NA,NA,NA,NA,NA,NA,NA,NA,NA,NA,NA,NA,NA,NA,NA,NA,NA,NA,NA,NA,NA,NA,NA,NA,NA,NA,NA,NA,NA,NA,NA,NA,NA,NA,NA,NA,NA,NA,NA,NA,NA,NA,NA,NA,NA,NA,NA,NA,NA,NA,NA,NA,NA,NA,NA,NA,NA,NA,NA,NA,NA,NA,NA,NA,NA,NA,NA,0,NA
"88",57150,"Z3-CN-14017",2020-01-21 11:03:00,"PRIMARY","WATER",6.62,NA,395.2,NA,8.27,NA,80.7,NA,14.211,NA,0.15,NA,0.15,"S",0.08,NA,NA,NA,NA,NA,NA,NA,380,NA,9.39,NA,3,NA,0.1,"U",32.3,NA,0.28,NA,0.01,"U",0.4,"U",13,"I",0.36,"I",38.3,NA,0.22,"I",0.42,"I",0.114,NA,0.5,"U",119,NA,25.6,NA,0.56,NA,110,NA,0.021,"I",17.9,NA,0.19,"I",2.8,NA,3,NA,60,NA,213,NA,0.089,NA,41,"A",47,NA,2,"U",398,"A",0.29,NA,11,NA,1.6,NA,0.035,"U",0.013,NA,0.9,"U",0.82,"U",0.6,"U",1413.6,"Q",NA,NA,0.19,NA,0,NA
"89",57153,"Z3-CN-14022",2020-01-21 11:07:00,"PRIMARY","WATER",7.43,NA,387.3,NA,8.77,NA,88.6,NA,15.782,NA,1.8,NA,0.6,NA,0.31,NA,NA,NA,NA,NA,NA,NA,69,"I",13.4,NA,7.2,NA,0.1,"U",40.1,NA,2.03,NA,0.01,"U",0.74,"I",5,"U",8.83,NA,30.8,NA,0.2,"U",0.4,"U",0.02,"U",0.5,"U",155,NA,16.7,NA,0.22,"I",1050,NA,0.01,"U",21.6,NA,0.22,NA,0.004,"U",15,NA,44,NA,230,NA,0.014,NA,100,NA,32,NA,36,NA,393,NA,1.9,NA,10,NA,7.4,NA,0.16,NA,0.041,NA,4.5,"U",27,NA,28,NA,16.1,"Q",NA,NA,NA,NA,0,NA
"90",57153,"Z3-CN-14022",2020-01-21 11:09:00,"BOTTOM","WATER",7.26,NA,386.6,NA,8.69,NA,87.7,NA,15.767,NA,1.8,NA,0.6,NA,1.31,NA,NA,NA,NA,NA,NA,NA,NA,NA,NA,NA,NA,NA,NA,NA,NA,NA,NA,NA,NA,NA,NA,NA,NA,NA,NA,NA,NA,NA,NA,NA,NA,NA,NA,NA,NA,NA,NA,NA,NA,NA,NA,NA,NA,NA,NA,NA,NA,NA,NA,NA,NA,NA,NA,NA,NA,NA,NA,NA,NA,NA,NA,NA,NA,NA,NA,NA,NA,NA,NA,NA,NA,NA,NA,NA,NA,NA,NA,NA,NA,NA,NA,NA,NA,NA,NA,NA,NA,NA,NA,NA,0,NA
"91",0,NA,2020-01-21 11:20:00,"FIELD BLANK","WATER",NA,NA,NA,NA,NA,NA,NA,NA,NA,NA,NA,NA,NA,NA,NA,NA,NA,NA,NA,NA,NA,NA,30,"U",0.04,"U",0.3,"U",0.1,"U",0.075,"U",0.05,"U",0.01,"U",0.4,"U",5,"U",0.15,"U",1,"U",0.2,"U",0.4,"U",0.02,"U",0.5,"U",0.35,"U",0.5,"U",0.2,"U",5,"U",0.01,"U",1,"U",0.05,"U",0.004,"U",0.5,"U",0.2,"U",15,"U",0.002,"U",0.65,"U",0.2,"U",2,"U",2,"U",0.08,"U",2.5,"U",0.1,"U",0.035,"U",0.002,"U",NA,NA,NA,NA,NA,NA,1,"UQ",NA,NA,NA,NA,0,NA
"92",57140,"Z3-CN-14003",2020-01-21 14:04:00,"PRIMARY","WATER",5.8,NA,295.1,NA,3.82,NA,36.1,NA,12.685,NA,0.36,NA,0.2,NA,0.18,NA,NA,NA,NA,NA,NA,NA,2590,NA,8.32,NA,0.3,"U",0.1,"U",30.8,NA,0.88,NA,0.01,"U",1.3,"I",5.7,"I",0.21,"I",37.7,NA,0.27,"I",0.4,"U",0.02,"U",1.2,"I",111,NA,17.9,NA,0.67,NA,736,NA,0.076,NA,33,NA,0.078,"I",0.005,"I",57,NA,46,NA,284,NA,0.038,NA,21,NA,38,NA,4,"I",292,NA,2.4,NA,550,NA,4.9,NA,0.059,"I",0.061,NA,2.2,"U",2.1,"U",1.5,"U",68.9,"Q",NA,NA,0.14,NA,0,NA
"93",0,NA,2020-01-21 14:20:00,"FIELD BLANK","WATER",NA,NA,NA,NA,NA,NA,NA,NA,NA,NA,NA,NA,NA,NA,NA,NA,NA,NA,NA,NA,NA,NA,30,"U",0.04,"U",0.3,"U",0.1,"U",0.075,"U",0.05,"U",0.01,"U",0.4,"U",5,"U",0.15,"U",1,"U",0.2,"U",0.4,"U",0.02,"U",0.5,"U",0.35,"U",0.5,"U",0.2,"U",5,"U",0.01,"U",1,"U",0.05,"U",0.004,"U",0.5,"U",0.2,"U",15,"U",0.002,"U",0.65,"U",0.2,"U",2,"U",2,"U",0.08,"U",2.5,"U",0.1,"U",0.035,"U",0.002,"U",NA,NA,NA,NA,NA,NA,1,"UQ",NA,NA,NA,NA,NA,NA
"94",57143,"Z3-CN-14007",2020-01-22 10:21:00,"PRIMARY","WATER",7.59,NA,2271,NA,10.02,NA,89.3,NA,9.92,NA,0.2,NA,0.2,"S",0.1,NA,NA,NA,NA,NA,NA,NA,420,NA,61.8,NA,5.9,NA,0.1,"U",142,NA,0.83,NA,0.01,"U",0.49,"I",5,"U",0.39,"I",35.8,NA,0.2,"U",1.24,NA,0.032,"I",0.5,"U",609,NA,229,NA,0.2,"U",101,NA,0.017,"I",29,NA,0.062,"I",0.18,NA,15,NA,160,NA,1320,NA,0.01,NA,148,NA,560,NA,8,"I",2290,NA,0.71,NA,100,NA,4,"A",0.35,NA,0.28,NA,1.5,"I",5.4,NA,6.6,NA,770.1,"Q",NA,NA,1.17,NA,2,NA
"95",57151,"Z3-CN-14018",2020-01-22 11:21:00,"PRIMARY","WATER",5.09,NA,93.9,NA,9.92,NA,88.9,NA,10.452,NA,0.3,NA,0.3,"S",0.15,NA,NA,NA,NA,NA,NA,NA,780,NA,1.47,NA,0.3,"U",0.1,"U",6.75,NA,0.39,NA,0.01,"U",0.59,"I",5,"U",0.15,"U",11.2,NA,0.2,"U",0.4,"U",0.02,"U",0.62,"I",22.9,NA,9.3,NA,0.4,"I",459,NA,0.036,"I",11.3,NA,0.05,"U",0.015,NA,35,NA,2.1,NA,110,NA,0.027,NA,1.4,"I",19,NA,2,"U",93,NA,1.2,NA,350,NA,1.8,NA,0.035,"U",0.022,NA,0.98,"U",0.89,"U",0.65,"U",127.4,"Q",NA,NA,0.04,NA,2,NA
"96",57142,"Z3-CN-14005",2020-01-27 10:13:00,"PRIMARY","WATER",6.14,NA,175.8,NA,6.21,NA,58.5,NA,12.646,NA,0.2,NA,0.2,"S",0.1,NA,NA,NA,NA,NA,NA,NA,1040,NA,4.22,NA,5.7,NA,0.1,"U",11.8,NA,0.42,NA,0.01,"U",0.98,"I",8,"I",0.2,"I",25.6,NA,0.23,"I",0.75,"I",0.02,"U",0.97,"I",46.7,NA,14.5,NA,0.32,"I",314,NA,0.051,NA,20.6,NA,0.061,"I",0.22,NA,23,NA,16,NA,151,NA,0.029,NA,22,NA,25,NA,3,"I",176,NA,0.81,NA,220,NA,4.2,NA,0.047,"I",0.21,NA,1.3,"U",2,"I",2.6,NA,686.7,"Q",NA,NA,0.08,NA,2,NA
"97",57148,"Z3-CN-14014",2020-01-27 10:54:00,"PRIMARY","WATER",6.82,NA,305.7,NA,7.14,NA,72.7,NA,16.239,NA,5.5,NA,1.55,NA,0.3,NA,NA,NA,NA,NA,NA,NA,30,"U",8.87,NA,5.6,NA,0.1,"U",34.3,NA,1.24,NA,0.01,"U",0.4,"U",5,"U",2.5,NA,19.8,NA,0.2,"U",0.4,"U",0.02,"U",0.5,"U",122,NA,14.1,NA,0.2,"U",9.7,"I",0.01,"U",13.9,NA,0.071,"I",0.036,NA,14,NA,14,NA,198,NA,0.047,NA,98,NA,27,NA,4,"I",304,NA,0.97,NA,37,"A",3.1,NA,0.15,NA,0.02,NA,1.5,"U",10,NA,12,NA,3.6,"AQ",NA,NA,0.15,NA,2,NA
"98",57148,"Z3-CN-14014",2020-01-27 10:56:00,"BOTTOM","WATER",6.72,NA,307.9,NA,6.13,NA,62,NA,15.87,NA,5.5,NA,1.55,NA,5.07,NA,NA,NA,NA,NA,NA,NA,NA,NA,NA,NA,NA,NA,NA,NA,NA,NA,NA,NA,NA,NA,NA,NA,NA,NA,NA,NA,NA,NA,NA,NA,NA,NA,NA,NA,NA,NA,NA,NA,NA,NA,NA,NA,NA,NA,NA,NA,NA,NA,NA,NA,NA,NA,NA,NA,NA,NA,NA,NA,NA,NA,NA,NA,NA,NA,NA,NA,NA,NA,NA,NA,NA,NA,NA,NA,NA,NA,NA,NA,NA,NA,NA,NA,NA,NA,NA,NA,NA,NA,0.15,NA,2,NA
"99",57139,"Z3-CN-14001",2020-01-27 12:13:00,"PRIMARY","WATER",7.01,NA,380.3,NA,8.7,NA,87.9,NA,15.809,NA,0.86,NA,0.86,"S",0.3,NA,NA,NA,NA,NA,NA,NA,370,NA,5.55,NA,2.5,NA,0.1,"U",50.5,NA,0.7,NA,0.01,"U",0.41,"I",5,"U",0.15,"U",44.3,NA,0.2,"U",1.91,NA,0.02,"U",0.59,"I",149,NA,19,NA,0.2,"U",207,NA,0.044,NA,15.3,NA,0.072,"I",0.33,NA,13,NA,43,NA,250,NA,0.035,NA,91,NA,36,NA,2,"U",383,NA,0.51,NA,57,NA,2.3,NA,0.13,NA,0.097,NA,1.4,"I",1.1,"I",2,NA,387.3,"Q",NA,NA,0.18,NA,2,NA
"100",57145,"Z3-CN-14010",2020-01-30 11:54:00,"PRIMARY","WATER",6.14,NA,328.4,NA,0.65,NA,6.3,NA,14.184,NA,1.3,NA,0.4,NA,0.31,NA,NA,NA,NA,NA,NA,NA,90,"I",9.54,NA,5.1,NA,0.1,"U",33.1,NA,1,NA,0.01,"U",0.4,"U",5,"U",0.92,NA,22.6,NA,0.2,"U",0.4,"U",0.02,"U",0.5,"U",122,NA,15.2,NA,0.22,"I",136,NA,0.01,"U",12.9,NA,0.05,"U",0.006,"I",14,NA,10,NA,178,"Q",0.063,NA,106,NA,30,NA,21,NA,321,NA,1.4,NA,32,"A",7.4,"A",0.17,NA,0.058,NA,6.4,NA,5.7,NA,10,NA,27.5,"Q",NA,NA,NA,NA,2,NA
